511 1020 397502 1668023921
719 783 549504 1642498017
error string
734 1004 201810 1376701908
error string
980 596 791039 1672154720
421 301 668308 1438873117
127 331 114382 1862585666
384 847 495240 1317215469
856 130 63049 1957882006
679 428 31163 2070770090
44 242 995276 1719050835
983 288 665699 1623104621
1058 460 11700 2410257066
316 209 358396 1579185726
276 621 601354 2177707935
168 596 917061 1929783944
870 321 768196 2314210990
494 770 599717 1498080080
787 772 597607 1945273452
1192 822 853603 2462873988
787 653 263555 2447172434
41 818 509105 2241333854
26 650 638832 2387425765
1110 965 892202 2077762626
1090 370 126874 1510592938
1151 316 279340 2317919639
650 306 662843 1743330213
975 645 539223 1952081104
883 756 111109 1473270992
449 937 671547 1641910745
1272 970 42172 1407662748
490 659 19460 2412293029
1014 53 657088 2435008601
1112 61 342311 1462406301
344 557 443094 2346923581
959 444 729025 1958109487
914 999 216895 1925819788
720 180 626080 1485576727
893 321 934398 1783506103
error string
189 378 940659 2067772123
error string
659 483 662472 1492512018
1105 369 601081 2360578972
639 814 393022 2455344523
904 1016 676986 1475735432
876 345 496276 1837420726
149 860 735548 1305122404
941 768 551707 2081341558
1114 829 199180 1894392995
1197 868 166050 1666046011
error string
940 1017 576165 2128963061
750 357 929613 2293721241
81 623 271160 1706071962
error string
756 913 978599 2409048055
821 946 86064 1979916433
240 1009 258163 1726946927
773 14 852933 1563132180
1178 815 169740 1896887275
972 106 491888 2416771842
229 982 696514 2303259954
488 746 2550 1660320251
error string
error string
111 175 92060 1761421471
355 188 435042 2498124126
239 240 308571 2289278938
998 610 683200 2274100383
867 674 950882 2513788359
1069 319 23142 2070439794
623 263 164436 1839646561
658 937 891595 1707347389
1107 37 455942 1934043907
546 554 174041 1893996717
226 422 509258 2140785860
459 410 112512 1637496361
404 913 989151 2139309545
191 240 894963 1547942017
653 382 747436 2097610599
391 989 393232 1566364061
error string
286 35 682196 1267453573
1239 969 709357 1989658270
934 278 962622 2494946264
error string
error string
778 466 453930 2442118411
1051 237 958269 2362701870
1239 788 856384 2503535985
228 694 549260 2305955639
881 190 510504 1719587234
error string
1003 717 71202 1871466609
error string
388 485 67815 2461306671
1037 824 45928 1767468484
292 405 369685 2217974489
error string
694 926 64708 1474681551
149 441 291174 1886796116
444 413 5569 2498827479
480 950 810930 1875904928
705 410 60313 1661309085
1276 912 887373 2022428410
997 258 314803 1821553399
error string
668 778 450909 1498431503
1170 14 505741 2303077659
125 526 389281 2118188231
1100 486 169174 2517380376
519 501 603370 1335329581
error string
679 1005 581288 1326054555
1264 528 525262 2460953418
827 280 206847 2196610031
136 25 443254 2189731227
1093 931 98421 1560485127
550 587 170299 1498214210
689 637 358582 1437625210
67 828 845459 1894735100
341 82 160079 1549675643
199 126 644561 1402480102
297 753 466937 1866623148
131 898 901991 1424477566
error string
588 850 588467 1496445703
214 265 330928 1736882461
277 483 215823 1318458498
error string
354 123 548687 1503671804
250 705 169655 2026016397
280 117 843833 2236430862
86 223 183181 2055466318
76 794 202488 2427433931
939 927 971784 2288781674
error string
85 151 119114 1582902137
231 545 388261 2216987861
761 991 847264 2426661044
562 4 720947 2257302037
25 1024 704527 1851650606
829 829 573654 2049324801
346 489 162994 2305549046
60 938 326636 1688563581
831 663 69376 2257388840
1018 468 885456 2161723258
683 379 166261 2159040721
92 873 521856 1609132392
259 965 412426 1661554806
461 860 788451 1323290339
671 867 1103 1989140297
118 197 213278 1387539882
421 654 311214 2081010145
502 662 662470 1325761933
836 299 507455 1871646440
190 858 182257 2084253952
938 753 680666 2455975607
104 671 589940 1297105929
713 409 621170 1785030761
1100 163 209012 1359028745
272 560 95163 1297899428
836 229 139745 2433078807
error string
429 636 708979 2420542221
201 604 104543 1372383996
error string
1102 363 223654 1631770827
451 111 242696 1815168964
671 116 838759 2277325496
error string
error string
288 776 9873 2393636132
373 801 811908 1517350586
638 600 231672 2297413465
678 261 853692 1399359107
1041 455 57257 1816282623
982 207 954007 2206054671
error string
923 875 69577 1544541423
115 846 905251 2285819416
290 70 979822 1905631822
334 470 71716 2050634389
517 48 475913 1887618626
409 307 930356 2175815265
1090 366 807469 1520332815
542 603 547059 2146247240
218 292 981784 1417000750
205 33 628467 1735086455
error string
1030 57 642235 1348477010
error string
1214 715 962956 1662519758
863 776 401024 1292254507
442 910 849988 1492034714
855 803 3517 2228839320
1261 880 300506 2517932950
781 169 825089 1982532543
