842 1001 578695 1838221866
438 764 711996 1417713039
1006 721 203683 1804556159
1160 40 794924 2405155608
804 449 747404 2158863364
279 225 359292 1594617692
149 967 365551 1847057162
1070 770 951026 1568881446
276 782 395467 2481014103
error string
549 117 370452 2421161963
1004 14 909963 1808541788
402 311 734549 1932543441
292 584 890104 1266857056
667 588 638179 1870645944
10 1017 727900 1994770633
error string
493 552 68165 1298121028
649 150 622151 2381383878
869 1020 87994 1473610879
384 240 604928 1533336567
12 453 732634 2518135916
1269 921 719261 2420293079
556 267 330125 1973651603
error string
829 381 696066 1807026574
914 671 861026 2082060450
765 612 277531 2459954960
185 370 490047 1755589164
146 603 481881 1548932624
903 430 962388 1757657235
1002 124 819938 2262128228
error string
1129 983 50940 1699373358
854 883 286310 2208435228
460 635 234549 2204955816
233 673 76539 1286346571
823 849 767339 2366534904
191 580 145191 2091547089
error string
906 39 121077 2407025470
451 733 946316 2056063344
295 434 246827 2452365350
189 892 292215 1614391859
548 858 562388 1745540720
895 488 99238 2384255388
320 398 983007 2439014077
145 673 250946 1876248486
895 397 843430 1348784290
1198 31 769657 2112917291
1125 623 845299 1554840716
242 622 960908 2129838540
650 446 742228 1338654762
1187 957 225687 2401369731
1005 524 165081 1615345604
80 181 307655 2116852891
error string
164 281 516535 2258310663
98 740 6039 2375108374
457 961 814214 1264187322
error string
458 713 956723 2206609286
1084 191 502502 1571175546
192 507 632778 1576344566
704 43 813508 1921692182
773 561 478975 2373862160
126 481 691020 1909615558
444 527 740170 1595309358
557 385 457917 2019141631
271 572 18121 2397801946
976 797 892678 1276570697
632 867 692931 1778407336
282 174 846979 1731988704
956 467 274503 2274624342
938 716 157923 1902956808
99 853 202397 1664229667
285 203 270924 2445552387
409 280 593593 1406138486
943 985 96672 2354165150
138 406 180580 2453175962
error string
error string
52 526 971222 2263956358
1023 166 548424 1331506127
1179 248 589451 1477433253
365 797 201206 2054897553
1058 290 860660 1381461098
487 530 366700 2441837119
930 685 543421 1672586022
380 557 66958 1805469551
489 49 707894 2140085440
258 360 618252 2422709591
54 506 228852 2489543465
961 691 349045 2064689605
231 778 943948 1652767030
406 27 530620 1312880909
877 475 236657 2300992903
1272 262 351394 1773425704
1207 125 936014 2053413742
231 120 543759 1589389876
479 716 616284 1555862322
346 777 100950 1889099571
976 813 516230 1741278140
652 962 129366 1432286114
1133 843 727638 1982410272
16 699 814573 2007822402
1261 679 644515 2091343880
1104 532 500315 2352504794
1259 971 848387 2435425524
864 486 305446 2486546037
258 694 654709 2449524707
error string
823 160 582075 2469228897
929 546 514510 1402029673
610 403 247419 1714766501
289 314 777580 1886037981
error string
792 235 822005 2385836124
69 724 379192 2495402554
213 786 204033 1535116904
error string
1231 593 367440 1897525661
993 942 951876 1722029553
935 966 331376 1736711527
error string
1121 627 33999 1348875994
error string
1233 680 210476 2299821465
690 435 322429 1495006967
1094 1012 287468 1307324879
153 630 971821 1403610101
1279 549 444395 2380854255
701 68 264504 1509215925
473 609 292235 1706607947
747 238 521066 1911482548
308 739 487478 2343413845
302 443 834615 1983467938
334 273 625848 2118137166
703 152 75948 1833004992
1031 34 451991 1953478576
239 29 782095 1408103515
975 901 963980 1577137033
194 302 508110 1524941170
813 716 570108 1826027272
573 260 41478 1717793273
845 610 282609 1441290478
1045 368 347683 1758831465
514 200 349233 1322884866
109 1018 927035 1787669320
968 47 271097 2474180896
444 449 18693 1727123286
97 734 928835 2037580491
error string
184 823 921770 1860042265
830 978 668328 1339539539
514 900 396902 1584090984
354 7 884702 1490772901
1182 664 255005 1683742074
80 9 398694 1680408382
817 503 127851 2299128821
379 792 775270 1739926778
382 788 792645 1633631971
error string
error string
error string
error string
1121 577 446044 2463624299
1066 335 803036 1622785886
521 338 175269 2223234651
1214 765 776045 1668799829
1243 398 285866 2205951864
189 662 601125 2450440461
439 262 940457 1671269298
218 248 395391 1357837480
947 605 237276 1899009354
1246 688 322626 1437560207
461 85 163273 1783313258
658 214 595187 1491394445
931 243 868949 2355064537
1055 805 727240 1837559424
999 282 218830 1341490618
1028 815 681643 1912176062
436 974 5082 2337701067
354 636 728277 1909439011
1186 315 471189 1772791676
891 998 89356 1957790868
4 185 867820 1419670062
743 1024 712057 2083878849
12 805 428262 1834556027
108 641 37909 2306076650
265 403 194411 2299517773
1212 103 761050 2194570994
1233 700 904703 1691212008
error string
524 690 614134 1833435791
1070 582 162516 2059006254
929 21 921773 1870952872
918 804 647603 1397821840
749 771 192729 1533726946
752 268 547867 1701461945
675 1011 457622 1751012899
855 549 13073 1905190341
556 510 641670 2006479531
851 741 409885 2320599842
321 909 611119 1880081144
1156 736 760061 1474145991
1192 911 536571 2224515362
1045 695 723157 1489084748
44 50 258422 1686117015
8 531 17318 2195592029
1058 265 585673 1889335178
68 396 785405 2171943456
1051 55 133881 1891234057
641 394 833137 1411106294
776 501 429577 1347237991
362 661 478596 1652168227
1079 107 428175 1340580469
894 289 364965 1596895215
1257 872 152404 1706527070
1063 827 949096 2026746290
907 400 327529 2048606378
267 240 391678 2315741300
1130 343 562837 2134665225
134 948 662852 1571183927
error string
235 1014 387284 2392089486
1149 633 287088 1744508055
609 403 238197 1280047232
726 677 535974 2494480289
649 276 751030 1695470826
257 291 346364 1351080180
208 919 575927 2344907641
454 498 213628 2085798141
1069 111 69611 2504421950
1184 237 809355 1773002469
298 158 204868 1835775364
735 308 82396 1869720597
1100 772 53294 2462800179
657 643 91827 2166781848
102 685 117079 1711869480
1268 24 436877 2499825170
677 666 456814 1311653654
error string
815 545 901949 1648720694
error string
896 94 617699 1872683642
715 801 341259 1502017637
1183 142 443966 2182960235
211 831 5113 2171448568
663 657 445936 1746912547
71 195 943486 2379586937
1011 158 436754 1394943475
814 60 53847 2347676267
1198 526 29007 1271165117
error string
1024 521 360034 2087477500
1232 716 757198 1736999139
1052 425 968321 2439808831
1011 981 287208 2202674300
438 400 175053 2105351055
155 1 532629 2365039814
91 153 309223 2282067877
1149 255 803000 1477224742
871 232 981684 1426527051
548 160 664676 2342186416
error string
1242 453 524307 1577947837
1079 61 97371 1601579157
850 272 496592 2351485100
error string
929 59 767553 2204212023
6 747 998821 1580831983
479 165 619563 2083453858
1251 184 733587 2430313178
437 947 714153 2386243510
459 6 562312 2259055621
1014 376 578865 1714192615
1067 14 775515 1562352165
406 12 247332 1350110688
684 170 316157 1753935997
202 527 727162 1850601675
783 590 519718 2425800671
554 876 471767 2501674351
1179 576 758453 2200095896
error string
1049 394 839423 1287051890
263 432 182544 2379949253
1146 233 181159 2036485332
1018 824 220059 2297143392
184 232 360119 1938864151
424 1023 418867 1409455935
698 920 76664 1803592038
205 627 496419 2431427808
703 725 882898 1481413100
245 981 478869 2264343238
131 24 763400 1381491792
error string
701 211 283251 2414177709
442 162 393164 1278593644
322 1001 427367 2041901034
