1023 311 363226 1360530466
500 205 26831 1778630994
363 97 797738 1996112060
819 374 732966 2462483027
876 618 725910 1797093393
657 87 210514 2132540045
852 845 370480 2429529235
error string
1040 205 641379 2012690697
422 167 719651 1891407033
949 991 69666 1676603217
447 742 770768 1700522981
319 297 867456 2205173810
706 904 705630 1451468601
error string
745 14 972136 2466862688
473 85 721485 1956202144
1232 82 834306 1693092114
26 768 590658 1600652248
747 923 7690 1787237361
433 445 362513 2089252703
544 727 440316 2369436346
481 119 286263 2248123441
error string
354 669 36306 2201540279
563 774 55507 1889808394
error string
853 108 275359 2084246050
300 190 573443 2273434140
470 1014 52632 2147124749
806 528 194557 1347985357
694 1 288450 1914722690
459 1003 736533 1649083809
1071 30 782052 1708233617
error string
536 193 768827 2080791155
265 483 204638 2401510411
1193 420 754023 1730044077
error string
693 345 572073 1863792861
429 788 729394 1587300859
error string
331 231 94854 2305835719
565 989 604888 1785301155
728 889 416207 1538710006
485 486 389210 1268394571
72 293 117306 2462382153
error string
336 643 62282 1603699299
1100 938 293291 1330055814
1206 56 549896 2383259211
202 257 489361 1587787582
error string
754 686 429055 1569230530
493 431 598844 1751863345
521 515 355436 1332921378
1036 914 205622 2259823673
799 759 847977 2370827837
299 242 711426 2351680551
179 845 499698 1961349723
817 866 570120 1404562478
992 719 170017 1541982296
18 187 35707 2493009839
error string
749 820 17205 2211244231
1062 606 317466 1920184296
70 97 92308 2137891729
1276 144 463676 2363011121
1025 173 554364 1278988880
1165 534 37914 1611811886
803 204 580567 1474509543
error string
194 305 592427 1730336243
1209 815 823567 2042521051
524 585 716728 2210712647
891 964 342904 2360085349
365 188 676058 1996653876
196 677 440597 1775082425
683 659 359777 1337817582
error string
617 1013 749927 1977148329
575 442 156682 1506299571
862 774 794274 1849597815
1111 849 747764 1407394636
1235 632 391230 1787688633
579 619 597653 2299557447
1141 862 344823 2437280612
error string
369 61 923260 1304030219
953 213 476904 1812795251
1089 236 402063 2292530959
312 462 494095 1344160206
639 602 742882 1968709835
692 569 625859 1575901854
98 423 252228 2119936537
1102 859 572876 2028984627
51 251 659691 1455685006
318 73 784882 1724269953
1266 797 961322 1528993703
1269 30 926739 1982295214
